 N1=        1001  N2=        1000
 nits=       10000
 PMAX=   100.000000000000       PMIN=  0.000000000000000E+000
 TRAPO=   1.00000000000000       elfield=  9.999999776482582E-003
 RMIN=   5.00000000000000       RMAJ=   43.0000000000000     
 Te=  0.500000000000000      Ti=  5.000000074505806E-002
 pdens=   1.00000000000000     
 Ddif=  0.000000000000000E+000
 V1=   3.50000000000000       V2=   13.0000000000000     
 TCURR=  1.615598369050161E-002  pabs1=  0.000000000000000E+000
 cur=  0.324612004687223       curr=  5.290891240913682E-009  currr=
 -0.308456026287613     
 pabsr=  0.000000000000000E+000  pabsrr=  0.000000000000000E+000  pabsrrr=
  0.000000000000000E+000
 pmx=   99.9000000000000      gam=   3.28120811767294     
 run= -5.470061039978542E-150  run1= -5.541977869482697E-150
