 N1=         301
  N2=         250
 nits=        4418
  dtt=  5.000000000000000E-002
 PMAX=   37.5000000000000     
  PMIN=  0.000000000000000E+000
 TRAPO=   1.00000000000000     
  EEPS= -1.000000000000000E-002
  EEPS0=  0.000000000000000E+000
  EEPS1=  0.000000000000000E+000
 RMIN=   37.5000000000000     
  RMAJ =   150.000000000000     
 Te=   1.00000000000000     
  Ti=  0.500000000000000     
 pdens=   15000000000000.0     
  Zeff=   1.00000000000000     
 Ddif1=  0.000000000000000E+000
  Ddif2=  0.000000000000000E+000
 V1=   2.30000000000000     
  V2=   10.0000000000000     
 V3=  -10.0000000000000     
  V4=  -3.00000000000000     
 TCURR= -2.486681933334068E-004
 TCURt= -2.486681933339292E-004
  pabs0=  0.000000000000000E+000
 cur_Si(A/m^2)=  -7920.16795488614     
  pow_Si(W/m^3)=  0.000000000000000E+000
 tot_cur and absorbed power between r1 and r2
 r1(cm)=  0.000000000000000E+000
 r2(cm)=   33.5000000000000     
 t_cr_SI(A)=  -2792.37588060298     
  t_pw_SI(W)=  0.000000000000000E+000
 cur=  0.211302933174730     
  curr=  4.857055756789300E-017
  currr= -0.211551601368064     
 pabsr=  0.000000000000000E+000
  pabsrr=  0.000000000000000E+000
  pabsrrr=  0.000000000000000E+000
 pmx= -9.255963134931783E+061
  gam= -9.255963134931783E+061
 run= -9.255963134931783E+061
  run1= -9.255963134931783E+061
  npar1=   9.83512663459465     
  npar2=   2.26207912595677     
  npar3=  -2.26207912595677     
  npar4=  -7.54026375318923     
 tau_dif=   5000000000000.00     
  db_b_2=  0.000000000000000E+000
 a_min=   67.0000000000000     
  q_sf=   1.00000000000000     
 nuel=   88361.7657522932     
 nu_df=  2.000000000000000E-013
 nu_df_n=  2.263422401049173E-018
 DENS_c= -1.041148924893465E-002
  dens_cc=   1.01041148924893     
 vmm=  -6.50000000000000     
  vmp=   6.15000000000000     
 sigv01=  0.350000000000000     
 sigv02=  0.350000000000000     
 pwex1=          10
 pwex2=          10
 RJP1=  0.000000000000000E+000
 tdb=  5.000000000000000E-004
 tdb1=  2.500000000000000E-003
 tfin=  2.500000000000000E-003
 taulh=  5.000000000000000E-004
 D1pos=  0.000000000000000E+000
 D2neg=  0.000000000000000E+000
 effic=                Infinity
 pabsrrr/pabs0=                     NaN
 dthe=   46.7901130158249     
